circle_id,seg_id,t_start,t_end,duration_s,avg_speed_kmh,alt_gained_m,climb_rate_ms,turn_radius_m,bank_angle_deg,lat,lon
0,,13945.0,13965.0,20.0,103.20653316066138,13.019999999999254,0.6509999999999627,91.25461062164928,42.5547497169136,-32.13438,116.95502666666667
1,,13965.0,13998.0,33.0,104.83598017562201,22.82121933446707,0.6915521010444566,152.94734087264675,29.475282279880446,-32.13288571428571,116.95501904761906
2,,13998.0,14032.0,34.0,117.99441456532027,-2.349605516556771,-0.06910604460461091,177.3609465001033,31.692613197379654,-32.131573958333334,116.95582031250001
3,,14032.0,14057.0,25.0,133.7416444546477,-12.547008547007913,-0.5018803418803165,147.81697091802747,43.58465517351562,-32.13147307692308,116.95509423076925
4,,14057.0,14084.0,27.0,122.12715908366991,-10.776354679802346,-0.3991242474000869,145.7785579045225,38.82510588349637,-32.130923214285716,116.95434523809524
5,,14084.0,14114.0,30.0,112.4008957851088,23.18951612903166,0.772983870967722,149.07631810130874,33.68690965423761,-32.129261290322574,116.95535000000001
6,,14114.0,14136.0,22.0,101.3845872504749,18.23043478260818,0.8286561264821901,98.60802242038385,39.348115004567205,-32.128766666666664,116.95592246376812
7,,14136.0,14163.0,27.0,97.2999790943011,-7.995073891624943,-0.29611384783796085,116.14329476697073,32.66582444060646,-32.129199404761906,116.95546785714286
8,,14387.0,14413.0,26.0,96.46698964917009,21.853968253968844,0.8405372405372632,110.88420956787866,33.42904503357259,-32.140527160493825,116.93336913580248
9,,14413.0,14441.0,28.0,94.24245743208915,11.67999999999964,0.41714285714284427,116.66007849567958,30.914055006142284,-32.14037068965518,116.93307183908047
10,,14441.0,14467.0,26.0,94.66770526591048,21.64126984127046,0.8323565323565562,108.81601787503998,32.934920652096444,-32.13984074074074,116.93300925925926
11,,14467.0,14490.0,23.0,93.89648441567326,9.225999999999813,0.4011304347826005,95.4761282153408,35.99177044132528,-32.13911319444444,116.93332986111112
12,,14490.0,14516.0,26.0,91.428908716679,25.025396825397358,0.962515262515283,105.09317551602379,32.03139106965978,-32.13861604938271,116.93389259259258
13,,14516.0,14550.0,34.0,93.29874914542334,27.84952380952481,0.8191036414566121,140.240150490746,26.022019819031907,-32.137999523809526,116.93598333333335
14,,14550.0,14573.0,23.0,91.99188790521112,-1.0879999999998662,-0.04730434782608114,93.53949020633542,35.43528805969042,-32.13783541666667,116.93675
15,,14715.0,14736.0,21.0,105.56273375648404,-0.36047430830146393,-0.017165443252450664,98.00484682122234,41.80734527620299,-32.149837878787885,116.92670833333335
16,,14736.0,14760.0,24.0,105.13998095975094,-14.532923076923076,-0.6055384615384615,111.55698457554749,37.93314590786408,-32.14881333333333,116.92738333333332
17,,14760.0,14783.0,23.0,106.24977457013634,-6.790000000000138,-0.2952173913043538,108.03724082790151,39.41610972107396,-32.14794166666667,116.92872361111112
18,,14955.0,14981.0,26.0,103.01015264078907,19.136507936508906,0.7360195360195733,118.40526375478838,35.17923456444769,-32.171994444444444,116.95712283950617
19,,14981.0,15009.0,28.0,98.01937180810353,-11.489655172413753,-0.4103448275862055,121.33541421572703,31.915457867970613,-32.172074137931034,116.95882183908046
20,,15009.0,15033.0,24.0,102.709613938092,3.5076923076924036,0.14615384615385016,108.97828507538382,37.285349209986336,-32.171338,116.96064533333335
21,,15033.0,15056.0,23.0,94.22629232232289,16.471999999999397,0.716173913043452,95.81148456204185,36.08734520530163,-32.17053194444444,116.9613798611111
22,,15056.0,15081.0,25.0,98.52883044792458,7.711111111112132,0.30844444444448527,108.89826668646138,35.03750413070434,-32.169676282051284,116.96171538461539
23,,15081.0,15102.0,21.0,99.97867336128498,17.309881422923983,0.8242800677582849,92.82058373710792,40.265446735408645,-32.16901136363637,116.96258787878787
24,,15102.0,15125.0,23.0,95.70496094018745,26.340000000000167,1.145217391304355,97.3150291880819,36.51300206930275,-32.168422222222226,116.96314027777777
25,,15125.0,15147.0,22.0,92.32015020510374,9.256521739129816,0.42075098814226436,89.79182820745204,36.74465136685228,-32.16776376811594,116.96361449275363
26,,15147.0,15170.0,23.0,92.30158163326846,19.40999999999984,0.8439130434782539,93.85439398863883,35.52630348244706,-32.16709861111111,116.96399652777778
27,,15170.0,15194.0,24.0,95.4827121347447,21.880615384614792,0.911692307692283,101.31030410710079,35.291563447908366,-32.16628,116.96443733333332
28,,15194.0,15218.0,24.0,92.43758990787609,21.980307692307644,0.9158461538461519,98.07932907559986,34.42068782482935,-32.165514,116.96544066666667
29,,15218.0,15248.0,30.0,98.52350653218956,-12.203225806451607,-0.4067741935483869,130.67085896120506,30.29723136230088,-32.16465,116.96705806451611
30,,15248.0,15272.0,24.0,99.44510306258346,5.342769230769252,0.22261538461538552,105.51453145795425,36.39733686755781,-32.164298,116.96819733333335
31,,15272.0,15299.0,27.0,102.79074144042089,8.039408866995641,0.29775588396280156,122.69740953242936,34.11085836615076,-32.163467857142855,116.96834226190477
32,,15299.0,15327.0,28.0,100.59755080976096,-0.4331034482761523,-0.01546798029557687,124.52686924464544,32.58677185648154,-32.16269022988506,116.96917241379312
33,,15327.0,15353.0,26.0,102.36193961684734,10.219047619047936,0.39304029304030524,117.6601737602443,35.009096168897436,-32.162575308641976,116.96980370370369
34,,15353.0,15379.0,26.0,100.46013237747697,2.2507936507937925,0.08656898656899202,115.47413692780059,34.50581651919997,-32.16189197530865,116.97071296296298
35,,15379.0,15425.0,46.0,96.45476670695489,-26.636653658735078,-0.5790576882333712,196.15489824572848,20.458340407343286,-32.16191937984496,116.97222635658915
36,,15425.0,15448.0,23.0,94.95944614369915,-4.8753997697311675,-0.2119739030317899,96.55697241163384,36.29897519157699,-32.1632119047619,116.97058690476192
37,,15583.0,15605.0,22.0,101.16761272498897,16.539130434782155,0.7517786561264616,98.39699005881877,39.28794282438124,-32.18067898550725,116.9715811594203
38,,15605.0,15628.0,23.0,96.46928519621375,21.826000000000032,0.9489565217391318,98.09221186026168,36.73120675549559,-32.179925,116.97177847222223
39,,15628.0,15651.0,23.0,94.10457095993982,21.953999999999326,0.9545217391304055,95.68771545104954,36.052098680710635,-32.17910138888889,116.97232361111111
40,,15651.0,15699.0,48.0,96.13063766288074,-10.872489795918629,-0.2265102040816381,203.99554888831196,19.611530789636195,-32.180312244897955,116.97351734693879
41,,15798.0,15822.0,24.0,95.82928520483749,6.210695913811381,0.2587789964088075,101.67802955541946,35.38951371092703,-32.19887395833333,116.97315729166667
42,,15822.0,15844.0,22.0,109.45008118287747,25.156521739130056,1.143478260869548,106.45263103483671,41.51265867460287,-32.19877028985508,116.97271884057973
43,,15844.0,15866.0,22.0,107.01405752862492,13.99565217391195,0.6361660079050886,104.08332144222902,40.873540285297956,-32.198726811594206,116.97310724637681
44,,15866.0,15896.0,30.0,101.60620054143762,3.759677419355407,0.12532258064518023,134.75940887463508,31.07189495352043,-32.199064516129035,116.97309139784946
45,,15896.0,15932.0,36.0,100.76584153897633,-17.10262103916809,-0.475072806643558,160.37381775742722,26.472770427743765,-32.201022807017544,116.9734828947368
46,,16200.0,16224.0,24.0,107.27751156601167,9.105230769230548,0.37938461538460616,113.82497498885822,38.49361217629373,-32.146072,116.93949466666668
47,,16224.0,16248.0,24.0,99.86155629832506,18.45415384615397,0.7689230769230821,105.9564020648535,36.511770170868715,-32.14566799999999,116.93967933333333
48,,16248.0,16273.0,25.0,100.99649900100044,20.635897435897515,0.8254358974359006,111.62563924295061,35.706492153959424,-32.14547307692308,116.94015256410255
49,,16273.0,16297.0,24.0,94.80358682431309,7.414153846154347,0.3089230769230978,100.58972977287407,35.098936258091825,-32.145154000000005,116.94028333333334
50,,16297.0,16322.0,25.0,102.04327109524125,11.938461538461901,0.47753846153847607,112.78257641718034,35.98693204140908,-32.14459551282051,116.94071282051283
51,,16322.0,16347.0,25.0,96.99990382192186,25.80683760683752,1.0322735042735007,107.20843175484232,34.6174285135963,-32.144455128205124,116.94065897435897
52,,16347.0,16374.0,27.0,99.9537394353472,31.53546798029592,1.1679802955665155,119.31098783741115,33.37022842380602,-32.144144047619044,116.9410523809524
53,,16374.0,16399.0,25.0,100.40715830144633,6.948717948718594,0.27794871794874376,110.97427476031677,35.54772850810965,-32.144109615384615,116.94167756410259
54,,16399.0,16428.0,29.0,99.5282499555278,-7.149677419355162,-0.24654060066741937,127.60332660375857,31.408234909811828,-32.14414222222222,116.94243444444444
55,,16428.0,16456.0,28.0,98.84655816025553,5.851034482757836,0.2089655172413513,122.35936485752926,32.13192483779419,-32.1435,116.94308333333335
56,,16456.0,16488.0,32.0,103.67133548142202,13.92299465240556,0.43509358288767375,146.664937767169,29.958754701906724,-32.14274595959597,116.94452070707071
57,,16554.0,16574.0,20.0,98.24569554443696,49.90059642147193,2.4950298210735964,86.86826712999189,41.15218126962876,-32.134124358974354,116.93761153846154
58,,16574.0,16598.0,24.0,105.18822298980315,72.40984615384617,3.017076923076924,111.60817095919813,37.9458904777097,-32.133979999999994,116.93856200000002
59,,16598.0,16621.0,23.0,108.70983419194297,52.66399999999967,2.2897391304347683,110.53868664166818,40.06080460065219,-32.13394652777777,116.93921875000001
60,,16621.0,16645.0,24.0,100.24997125372715,20.45538461538412,0.8523076923076717,106.3685231323406,36.618195007959216,-32.13381733333333,116.93942066666666
61,,16645.0,16671.0,26.0,102.89661305719771,3.4063492063496126,0.13101343101344665,118.27475541170666,35.14948477122431,-32.13378765432099,116.94013148148146
62,,16671.0,16697.0,26.0,105.01991479202171,-2.4825396825388446,-0.09548229548226325,120.71538961617715,35.70224083775399,-32.13369999999999,116.94013703703703
63,,17178.0,17201.0,23.0,100.72747472915944,15.756000000000167,0.6850434782608769,102.4220379697564,37.92441200051092,-32.09814375,116.92126319444446
64,,17201.0,17223.0,22.0,100.7869671567932,4.043478260869632,0.1837944664031651,98.02676902482534,39.18213045379397,-32.09769057971014,116.92177318840581
65,,17223.0,17246.0,23.0,101.48467552555238,12.039999999999779,0.5234782608695556,103.19197734257814,38.13263999391894,-32.09729027777777,116.92282916666666
66,,17246.0,17269.0,23.0,103.95865078446745,0.09799999999975109,0.0042608695652065695,105.70757289966087,38.8047649618192,-32.09679930555556,116.92305972222222
67,,17501.0,17524.0,23.0,99.56304758029539,15.747999999999992,0.6846956521739127,101.23802137473454,37.60188213453788,-32.1213375,116.97411875
68,,17524.0,17545.0,21.0,98.68291529245968,44.70830039525663,2.128966685488411,91.61759697716353,39.89723068235505,-32.12090454545454,116.97477878787878
69,,17545.0,17568.0,23.0,100.55877827785902,1.721999999999853,0.07486956521738491,102.25050349629807,37.877859587206686,-32.120643055555554,116.97485972222222
70,,17568.0,17592.0,24.0,101.03776690473313,-2.3519999999997316,-0.09799999999998882,107.20440027903325,36.8331499632214,-32.120519333333334,116.97540466666665
71,,17592.0,17614.0,22.0,97.68276808569351,6.278260869565006,0.28537549407113666,95.00758297395053,38.30723046421406,-32.12031231884058,116.97614202898549
72,,17614.0,17639.0,25.0,95.61044638853406,4.547008547008996,0.18188034188035984,105.67274412470728,34.23194723845581,-32.120097435897435,116.97691153846155
73,,17639.0,17667.0,28.0,93.81953410320465,-12.273103448275648,-0.4383251231527017,116.13655364191742,30.800590122825724,-32.12068620689655,116.97764942528737
74,,17667.0,17695.0,28.0,94.95891011988587,-7.779310344827846,-0.2778325123152802,117.54695505932432,31.105657442771964,-32.12061609195403,116.97835172413794
75,,17695.0,17729.0,34.0,92.85703794944287,38.23428571428587,1.124537815126055,139.57620113274126,25.91498048833629,-32.12265190476191,116.97870761904761
76,,17729.0,17756.0,27.0,91.03532226105871,20.540394088669988,0.7607553366174069,108.66541150358364,30.95812734108068,-32.122775000000004,116.9799488095238
77,,17756.0,17781.0,25.0,98.42510990119213,7.234188034188375,0.289367521367535,108.78363031345678,35.00914211345004,-32.122167948717944,116.98121474358973
78,,17781.0,17806.0,25.0,95.7246626794134,15.174358974359093,0.6069743589743637,105.79898084189524,34.26376877516863,-32.12148076923077,116.98231730769231
79,,17806.0,17829.0,23.0,95.14453719074324,16.051999999999783,0.6979130434782514,96.74517729117821,36.35222230639801,-32.12065555555555,116.98352291666667
80,,17829.0,17854.0,25.0,92.62493921033241,19.78632478632508,0.7914529914530032,102.37303422854666,33.39160319171521,-32.12015705128205,116.9845346153846
81,,17854.0,17878.0,24.0,93.45161834983035,8.643692307692408,0.3601538461538503,99.15524666875181,34.7127390842241,-32.119754,116.98535466666667
82,,17878.0,17903.0,25.0,98.43604147041368,21.331623931624108,0.8532649572649643,108.79571235010512,35.01213224018599,-32.119044230769234,116.98648397435896
83,,17903.0,17928.0,25.0,96.15412636183052,22.275213675214033,0.8910085470085614,106.27364242477812,34.38320539616428,-32.1183108974359,116.98757115384616
84,,17928.0,17966.0,38.0,91.06144467388538,6.744615384615619,0.1774898785425163,152.98038991879005,23.090644079850634,-32.11849999999999,116.98835
85,,17966.0,17992.0,26.0,95.3624588629919,36.31746031746056,1.396825396825406,109.61460404153051,33.12637640903076,-32.11874382716049,116.98655987654321
86,,17992.0,18019.0,27.0,97.7166522835424,24.472906403940698,0.9064039408866925,116.64066174988287,32.77716990831235,-32.118920833333334,116.98687380952381
87,,18019.0,18042.0,23.0,95.89395762127282,59.567999999999586,2.589913043478243,97.5072054071158,36.567073173609735,-32.11898958333333,116.98729652777779
88,,18042.0,18065.0,23.0,100.69515345631496,59.91800000000022,2.6051304347826183,102.38917294813831,37.91549738540128,-32.118544444444446,116.98779097222223
89,,18065.0,18086.0,21.0,102.64947329897419,52.52964426877431,2.5014116318463957,95.30016464098237,41.01193713302213,-32.11832121212121,116.98809999999999
90,,18086.0,18109.0,23.0,101.07725424060081,64.96999999999952,2.824782608695631,102.7777019085002,38.02074745049222,-32.11791180555556,116.98840208333333
91,,18109.0,18131.0,22.0,99.2900421948364,64.16956521739012,2.9167984189722778,96.5708395367899,38.762907567298456,-32.117638405797095,116.98869855072464
92,,18131.0,18157.0,26.0,101.83148657964868,34.498412698413226,1.3268620268620472,117.05044326117343,34.86933788019949,-32.11771975308642,116.98905617283951
93,,18157.0,18178.0,21.0,105.14070791398004,56.57075098814201,2.6938452851496195,97.61303641069797,41.69332287224243,-32.117568939393934,116.98886818181819
94,,18178.0,18201.0,23.0,108.15130017189036,58.3259999999997,2.535913043478248,109.97075626554141,39.91548950214294,-32.116964583333335,116.98916527777777
95,,18201.0,18227.0,26.0,106.35771250647068,44.53968253968337,1.713064713064745,122.25312436531642,36.046622386949664,-32.11685740740741,116.98941358024693
96,,18227.0,18253.0,26.0,103.73240837742605,30.857142857143717,1.18681318681322,119.23546232068244,35.367971814021416,-32.11682283950617,116.98983518518519
97,,18253.0,18279.0,26.0,100.99013535971022,-1.7873015873012865,-0.06874236874235717,116.0833501101263,34.64668935110704,-32.11666481481481,116.99044753086422
98,,18765.0,18784.0,19.0,93.50944376909425,41.550683433569795,2.186878075451042,78.54647606413185,41.20568273343004,-32.16105454545455,116.98088484848485
99,,18784.0,18804.0,20.0,103.73621266536483,30.31688311688302,1.5158441558441509,91.72295012958274,42.70089858956145,-32.160995238095246,116.98174682539681
100,,18804.0,18824.0,20.0,106.2994264171619,41.309090909090244,2.065454545454512,93.98932867846955,43.39851714217132,-32.160690476190474,116.9825507936508
101,,18824.0,18844.0,20.0,109.90479581072701,26.63896103896105,1.3319480519480524,97.17717512657019,44.353276465060304,-32.16039365079365,116.98329444444445
102,,18844.0,18865.0,21.0,108.54101557831731,35.41660079051344,1.6865047995482592,100.76989508543777,42.60058826265121,-32.16007878787878,116.98414772727273
103,,18865.0,18887.0,22.0,104.56336283063058,34.82173913043482,1.5828063241106738,101.69974259381574,40.21787662451044,-32.15964710144928,116.98491594202899
104,,18887.0,18908.0,21.0,102.72786152718761,49.17628458497947,2.341727837379975,95.37294057265129,41.03359532095137,-32.159338636363636,116.9855871212121
105,,18908.0,18930.0,22.0,102.23839993405765,39.591304347824966,1.799604743082953,99.43845219801399,39.58389433990375,-32.15910072463768,116.98629710144927
106,,18930.0,18953.0,23.0,102.53641498210335,33.6460000000001,1.4628695652173958,104.26141047234537,38.419906173537726,-32.15894791666667,116.98694097222221
107,,18953.0,18977.0,24.0,99.67679347746572,21.581538461538106,0.8992307692307544,105.76036262325775,36.4610425895575,-32.158939333333336,116.98757866666666
108,,18977.0,19005.0,28.0,106.17078869459748,-2.891034482758469,-0.10325123152708818,131.42582314330238,34.004155069052345,-32.158830459770115,116.98812011494253
109,,19005.0,19028.0,23.0,103.83872353628138,15.444000000000203,0.6714782608695741,105.5856280856928,38.77247174135972,-32.159083333333335,116.98951875
110,,19028.0,19069.0,41.0,105.45656298549932,-21.908305647840216,-0.5343489182400053,191.15035125155134,24.589436457161135,-32.159422222222226,116.99108214285715
111,,19069.0,19092.0,23.0,103.21269666728094,27.819999999999673,1.20956521739129,104.94906941171377,38.60342378730977,-32.16046875,116.99434375
112,,19092.0,19119.0,27.0,99.50410677307556,25.42758620689665,0.9417624521072833,118.77427838159039,33.251671193086715,-32.16039523809524,116.99526964285715
113,,19119.0,19141.0,22.0,100.68137641882531,20.869565217391283,0.9486166007905129,97.92407004326122,39.15272161975507,-32.160945652173915,116.9959963768116
114,,19141.0,19171.0,30.0,98.5027920912843,16.594354838709318,0.5531451612903105,130.64338558067627,30.29198388788761,-32.16104623655914,116.99678602150537
115,,19625.0,19647.0,22.0,101.09862273962602,21.452173913043104,0.9750988142292321,98.3298894648533,39.268788568951116,-32.148330434782594,116.94864130434782
116,,19647.0,19671.0,24.0,94.15016580843253,18.82338461538467,0.7843076923076945,99.89642854222394,34.912736555207545,-32.14838266666667,116.94862066666668
117,,19671.0,19695.0,24.0,98.6660217700793,7.436307692308245,0.30984615384617686,104.68790053280452,36.1823524142238,-32.14759066666667,116.94897533333332
118,,19695.0,19717.0,22.0,99.5223889473716,9.160869565216597,0.41640316205529987,96.79682313454022,38.82830338970772,-32.14740434782609,116.94961304347825
119,,19717.0,19737.0,20.0,94.51574676292972,24.07792207792143,1.2038961038960714,83.57026831856706,40.056462085346496,-32.14731984126983,116.94990873015874
120,,19737.0,19760.0,23.0,93.34752742108489,21.052000000000014,0.9153043478260876,94.91793598134828,35.83217369330423,-32.146689583333334,116.95031041666665
